2 1 73 3 390 468 -1 -1 -1 -1 
3 1 73 3 390 468 -1 -1 -1 -1 
4 1 72 4 390 468 -1 -1 -1 -1 
5 1 72 3 390 469 -1 -1 -1 -1 
6 1 72 3 390 469 -1 -1 -1 -1 
7 1 72 2 389 469 -1 -1 -1 -1 
8 1 72 2 389 469 -1 -1 -1 -1 
9 1 72 2 389 469 -1 -1 -1 -1 
10 1 72 2 389 468 -1 -1 -1 -1 
11 1 72 2 389 468 -1 -1 -1 -1 
12 1 73 2 389 468 -1 -1 -1 -1 
13 1 73 2 389 467 -1 -1 -1 -1 
14 1 73 2 389 467 -1 -1 -1 -1 
15 1 73 3 390 468 -1 -1 -1 -1 
16 1 74 3 390 468 -1 -1 -1 -1 
17 1 74 3 391 468 -1 -1 -1 -1 
18 1 74 4 391 468 -1 -1 -1 -1 
19 1 74 4 391 469 -1 -1 -1 -1 
20 1 76 3 393 469 -1 -1 -1 -1 
21 1 76 3 394 469 -1 -1 -1 -1 
22 1 78 3 396 469 -1 -1 -1 -1 
23 1 79 2 397 469 -1 -1 -1 -1 
24 1 82 2 399 469 -1 -1 -1 -1 
25 1 83 2 400 469 -1 -1 -1 -1 
26 1 86 2 402 470 -1 -1 -1 -1 
27 1 88 2 403 470 -1 -1 -1 -1 
28 1 92 2 406 470 -1 -1 -1 -1 
29 1 94 2 406 470 -1 -1 -1 -1 
30 1 93 2 404 470 -1 -1 -1 -1 
31 1 93 2 403 470 -1 -1 -1 -1 
32 1 92 2 400 469 -1 -1 -1 -1 
33 1 91 2 398 469 -1 -1 -1 -1 
34 1 88 2 392 468 -1 -1 -1 -1 
35 1 87 2 389 468 -1 -1 -1 -1 
36 1 83 2 384 468 -1 -1 -1 -1 
37 1 83 2 382 468 -1 -1 -1 -1 
38 1 80 1 377 469 -1 -1 -1 -1 
39 1 80 1 374 469 -1 -1 -1 -1 
40 1 81 1 371 469 -1 -1 -1 -1 
41 1 82 1 369 469 -1 -1 -1 -1 
42 1 85 1 370 469 -1 -1 -1 -1 
43 1 87 1 369 469 -1 -1 -1 -1 
44 1 91 1 372 469 -1 -1 -1 -1 
45 1 93 1 372 469 -1 -1 -1 -1 
46 1 102 2 378 469 -1 -1 -1 -1 
47 1 105 2 380 470 -1 -1 -1 -1 
48 1 111 2 384 472 -1 -1 -1 -1 
49 1 120 2 390 471 -1 -1 -1 -1 
50 1 124 2 392 471 -1 -1 -1 -1 
51 1 126 2 392 471 -1 -1 -1 -1 
52 1 132 2 396 471 -1 -1 -1 -1 
53 1 138 2 400 471 -1 -1 -1 -1 
54 1 141 2 400 472 -1 -1 -1 -1 
55 1 143 1 400 472 -1 -1 -1 -1 
56 1 146 2 401 472 -1 -1 -1 -1 
57 1 148 2 400 472 -1 -1 -1 -1 
58 1 150 4 398 472 -1 -1 -1 -1 
59 1 151 5 397 472 -1 -1 -1 -1 
60 1 150 8 394 472 -1 -1 -1 -1 
61 1 150 8 392 472 -1 -1 -1 -1 
62 1 149 10 388 472 -1 -1 -1 -1 
63 1 148 11 386 472 -1 -1 -1 -1 
64 1 147 14 381 472 -1 -1 -1 -1 
65 1 147 15 379 472 -1 -1 -1 -1 
66 1 145 16 375 472 -1 -1 -1 -1 
67 1 144 17 373 472 -1 -1 -1 -1 
68 1 144 18 371 472 -1 -1 -1 -1 
69 1 144 19 370 472 -1 -1 -1 -1 
70 1 146 20 370 472 -1 -1 -1 -1 
71 1 146 21 370 472 -1 -1 -1 -1 
72 1 148 22 371 473 -1 -1 -1 -1 
73 1 149 22 371 473 -1 -1 -1 -1 
74 1 152 23 373 474 -1 -1 -1 -1 
75 1 154 24 373 474 -1 -1 -1 -1 
76 1 158 25 376 472 -1 -1 -1 -1 
77 1 160 26 376 472 -1 -1 -1 -1 
78 1 164 27 378 472 -1 -1 -1 -1 
79 1 165 28 379 471 -1 -1 -1 -1 
80 1 170 31 382 473 -1 -1 -1 -1 
81 1 171 32 383 473 -1 -1 -1 -1 
82 1 177 34 386 473 -1 -1 -1 -1 
83 1 179 35 387 474 -1 -1 -1 -1 
84 1 180 35 387 474 -1 -1 -1 -1 
85 1 186 38 391 474 -1 -1 -1 -1 
86 1 191 38 395 474 -1 -1 -1 -1 
87 1 193 38 397 474 -1 -1 -1 -1 
88 1 195 39 398 474 -1 -1 -1 -1 
89 1 196 40 398 474 -1 -1 -1 -1 
90 1 195 40 396 474 -1 -1 -1 -1 
91 1 195 40 396 474 -1 -1 -1 -1 
92 1 195 40 395 474 -1 -1 -1 -1 
93 1 192 41 391 474 -1 -1 -1 -1 
94 1 190 42 389 474 -1 -1 -1 -1 
95 1 186 42 384 474 -1 -1 -1 -1 
96 1 185 43 382 474 -1 -1 -1 -1 
97 1 181 43 378 474 -1 -1 -1 -1 
98 1 180 44 376 474 -1 -1 -1 -1 
99 1 177 46 372 475 -1 -1 -1 -1 
100 1 176 47 370 475 -1 -1 -1 -1 
101 1 172 47 365 476 -1 -1 -1 -1 
102 1 171 48 362 476 -1 -1 -1 -1 
103 1 167 49 357 476 -1 -1 -1 -1 
104 1 166 49 355 476 -1 -1 -1 -1 
105 1 166 49 353 476 -1 -1 -1 -1 
106 1 166 50 352 476 -1 -1 -1 -1 
107 1 167 51 351 476 -1 -1 -1 -1 
108 1 167 52 350 476 -1 -1 -1 -1 
109 1 171 52 353 477 -1 -1 -1 -1 
110 1 173 53 353 477 -1 -1 -1 -1 
111 1 183 55 362 477 -1 -1 -1 -1 
112 1 186 56 365 477 -1 -1 -1 -1 
113 1 196 57 372 477 -1 -1 -1 -1 
114 1 199 58 375 477 -1 -1 -1 -1 
115 1 209 59 383 476 -1 -1 -1 -1 
116 1 213 60 386 476 -1 -1 -1 -1 
117 1 223 61 394 475 -1 -1 -1 -1 
118 1 227 62 396 475 -1 -1 -1 -1 
119 1 236 62 404 474 -1 -1 -1 -1 
120 1 239 62 407 474 -1 -1 -1 -1 
121 1 247 63 415 473 -1 -1 -1 -1 
122 1 250 64 417 473 -1 -1 -1 -1 
123 1 254 65 421 474 -1 -1 -1 -1 
124 1 256 66 422 474 -1 -1 -1 -1 
125 1 259 68 425 474 -1 -1 -1 -1 
126 1 260 69 425 474 -1 -1 -1 -1 
127 1 263 71 427 473 -1 -1 -1 -1 
128 1 264 72 428 473 -1 -1 -1 -1 
129 1 264 72 428 473 -1 -1 -1 -1 
130 1 266 75 429 473 -1 -1 -1 -1 
131 1 266 76 429 473 -1 -1 -1 -1 
132 1 268 76 430 473 -1 -1 -1 -1 
133 1 269 76 430 473 -1 -1 -1 -1 
134 1 271 77 431 473 -1 -1 -1 -1 
135 1 273 78 432 473 -1 -1 -1 -1 
136 1 274 78 432 473 -1 -1 -1 -1 
137 1 275 78 432 473 -1 -1 -1 -1 
138 1 277 78 434 473 -1 -1 -1 -1 
139 1 278 78 435 473 -1 -1 -1 -1 
140 1 285 78 442 475 -1 -1 -1 -1 
141 1 288 78 445 475 -1 -1 -1 -1 
142 1 298 80 453 474 -1 -1 -1 -1 
143 1 302 81 456 473 -1 -1 -1 -1 
144 1 312 82 467 473 -1 -1 -1 -1 
145 1 316 83 471 473 -1 -1 -1 -1 
146 1 325 84 479 473 -1 -1 -1 -1 
147 1 328 85 482 473 -1 -1 -1 -1 
148 1 329 85 483 472 -1 -1 -1 -1 
149 1 342 85 496 471 -1 -1 -1 -1 
150 1 352 85 504 467 -1 -1 -1 -1 
151 1 356 85 507 466 -1 -1 -1 -1 
152 1 358 85 509 465 -1 -1 -1 -1 
153 1 359 85 510 465 -1 -1 -1 -1 
154 1 361 86 511 465 -1 -1 -1 -1 
155 1 361 86 511 464 -1 -1 -1 -1 
156 1 360 87 509 464 -1 -1 -1 -1 
157 1 360 88 509 463 -1 -1 -1 -1 
158 1 359 89 507 463 -1 -1 -1 -1 
159 1 359 90 506 462 -1 -1 -1 -1 
160 1 359 90 506 462 -1 -1 -1 -1 
161 1 358 90 504 462 -1 -1 -1 -1 
162 1 357 91 503 461 -1 -1 -1 -1 
163 1 357 91 502 461 -1 -1 -1 -1 
164 1 357 92 502 461 -1 -1 -1 -1 
165 1 356 91 501 462 -1 -1 -1 -1 
166 1 356 91 500 462 -1 -1 -1 -1 
167 1 352 92 497 464 -1 -1 -1 -1 
168 1 351 92 495 464 -1 -1 -1 -1 
169 1 351 93 495 464 -1 -1 -1 -1 
170 1 352 93 495 462 -1 -1 -1 -1 
171 1 353 93 496 462 -1 -1 -1 -1 
172 1 355 92 498 461 -1 -1 -1 -1 
173 1 356 92 498 461 -1 -1 -1 -1 
174 1 357 92 500 461 -1 -1 -1 -1 
175 1 358 92 500 461 -1 -1 -1 -1 
176 1 361 93 502 462 -1 -1 -1 -1 
177 1 361 93 503 462 -1 -1 -1 -1 
178 1 362 94 504 462 -1 -1 -1 -1 
179 1 366 94 508 463 -1 -1 -1 -1 
180 1 370 95 512 463 -1 -1 -1 -1 
181 1 371 96 513 463 -1 -1 -1 -1 
182 1 375 96 517 463 -1 -1 -1 -1 
183 1 376 96 518 463 -1 -1 -1 -1 
184 1 377 96 519 463 -1 -1 -1 -1 
185 1 380 96 521 461 -1 -1 -1 -1 
186 1 381 97 522 460 -1 -1 -1 -1 
187 1 382 96 522 457 -1 -1 -1 -1 
188 1 381 96 522 456 -1 -1 -1 -1 
189 1 378 96 519 455 -1 -1 -1 -1 
190 1 377 96 518 455 -1 -1 -1 -1 
191 1 375 96 516 456 -1 -1 -1 -1 
192 1 374 96 516 456 -1 -1 -1 -1 
193 1 372 96 513 455 -1 -1 -1 -1 
194 1 371 96 512 454 -1 -1 -1 -1 
195 1 367 97 508 454 -1 -1 -1 -1 
196 1 366 97 507 454 -1 -1 -1 -1 
197 1 365 98 507 454 -1 -1 -1 -1 
198 1 368 98 507 446 -1 -1 -1 -1 
199 1 368 99 508 442 -1 -1 -1 -1 
200 1 363 98 505 449 -1 -1 -1 -1 
201 1 361 98 504 451 -1 -1 -1 -1 
202 1 379 98 529 453 -1 -1 -1 -1 
203 1 384 98 540 454 -1 -1 -1 -1 
204 1 387 99 547 454 -1 -1 -1 -1 
205 1 386 99 551 455 -1 -1 -1 -1 
206 1 389 98 558 455 -1 -1 -1 -1 
207 1 389 98 561 455 -1 -1 -1 -1 
208 1 388 98 563 456 -1 -1 -1 -1 
209 1 387 98 564 456 -1 -1 -1 -1 
210 1 392 99 570 456 -1 -1 -1 -1 
211 1 394 99 573 456 -1 -1 -1 -1 
212 1 400 103 576 454 -1 -1 -1 -1 
213 1 402 104 578 454 -1 -1 -1 -1 
214 1 411 107 586 456 -1 -1 -1 -1 
215 1 414 107 588 456 -1 -1 -1 -1 
216 1 432 108 608 452 -1 -1 -1 -1 
217 1 438 108 616 450 -1 -1 -1 -1 
218 1 456 107 625 427 -1 -1 -1 -1 
219 1 463 107 629 418 -1 -1 -1 -1 
220 1 477 114 635 407 -1 -1 -1 -1 
221 1 481 116 637 403 -1 -1 -1 -1 
222 1 488 125 636 395 -1 -1 -1 -1 
223 1 490 128 635 392 -1 -1 -1 -1 
224 1 490 130 634 392 -1 -1 -1 -1 
225 1 490 130 633 392 -1 -1 -1 -1 
226 1 487 132 628 390 -1 -1 -1 -1 
227 1 486 132 626 390 -1 -1 -1 -1 
228 1 483 134 622 391 -1 -1 -1 -1 
229 1 478 136 616 395 -1 -1 -1 -1 
230 1 476 137 614 396 -1 -1 -1 -1 
231 1 473 141 608 397 -1 -1 -1 -1 
232 1 471 142 606 398 -1 -1 -1 -1 
233 1 471 142 605 398 -1 -1 -1 -1 
234 1 468 144 600 399 -1 -1 -1 -1 
235 1 467 145 598 400 -1 -1 -1 -1 
236 1 464 145 594 401 -1 -1 -1 -1 
237 1 464 145 592 401 -1 -1 -1 -1 
238 1 462 145 590 402 -1 -1 -1 -1 
239 1 461 145 589 402 -1 -1 -1 -1 
240 1 462 145 590 400 -1 -1 -1 -1 
241 1 463 145 590 400 -1 -1 -1 -1 
242 1 465 144 591 398 -1 -1 -1 -1 
243 1 466 144 591 397 -1 -1 -1 -1 
244 1 470 146 594 397 -1 -1 -1 -1 
245 1 472 147 596 397 -1 -1 -1 -1 
246 1 476 152 597 395 -1 -1 -1 -1 
247 1 478 153 598 395 -1 -1 -1 -1 
248 1 483 157 601 392 -1 -1 -1 -1 
249 1 485 159 602 392 -1 -1 -1 -1 
250 1 487 160 605 395 -1 -1 -1 -1 
251 1 487 161 607 396 -1 -1 -1 -1 
252 1 485 158 610 398 -1 -1 -1 -1 
253 1 483 157 612 399 -1 -1 -1 -1 
254 1 489 156 613 387 -1 -1 -1 -1 
255 1 491 156 614 382 -1 -1 -1 -1 
256 1 487 155 613 379 -1 -1 -1 -1 
257 1 485 155 613 378 -1 -1 -1 -1 
258 1 486 154 617 379 -1 -1 -1 -1 
259 1 486 154 619 379 -1 -1 -1 -1 
260 1 486 154 621 379 -1 -1 -1 -1 
261 1 487 156 622 380 -1 -1 -1 -1 
262 1 486 157 624 381 -1 -1 -1 -1 
263 1 486 158 625 381 -1 -1 -1 -1 
264 1 485 158 626 381 -1 -1 -1 -1 
265 1 485 158 627 382 -1 -1 -1 -1 
266 1 484 159 627 383 -1 -1 -1 -1 
267 1 484 160 628 383 -1 -1 -1 -1 
268 1 483 160 628 383 -1 -1 -1 -1 
269 1 483 161 629 383 -1 -1 -1 -1 
270 1 482 161 629 383 -1 -1 -1 -1 
271 1 481 161 629 385 -1 -1 -1 -1 
272 1 480 162 629 385 -1 -1 -1 -1 
273 1 479 161 630 385 -1 -1 -1 -1 
274 1 479 161 631 386 -1 -1 -1 -1 
275 1 482 161 634 386 -1 -1 -1 -1 
276 1 484 162 635 386 -1 -1 -1 -1 
277 1 487 162 637 385 -1 -1 -1 -1 
278 1 489 162 638 385 -1 -1 -1 -1 
279 1 483 162 634 385 -1 -1 -1 -1 
280 1 481 162 632 385 -1 -1 -1 -1 
281 1 484 162 636 384 -1 -1 -1 -1 
282 1 485 162 637 384 -1 -1 -1 -1 
283 1 486 162 638 385 -1 -1 -1 -1 
284 1 487 162 638 385 -1 -1 -1 -1 
285 1 492 162 639 384 -1 -1 -1 -1 
286 1 494 162 639 384 -1 -1 -1 -1 
287 1 489 163 637 384 -1 -1 -1 -1 
288 1 487 163 636 383 -1 -1 -1 -1 
289 1 486 163 635 383 -1 -1 -1 -1 
290 1 481 163 632 385 -1 -1 -1 -1 
291 1 479 163 631 385 -1 -1 -1 -1 
292 1 478 163 631 386 -1 -1 -1 -1 
293 1 477 163 632 386 -1 -1 -1 -1 
294 1 477 164 632 386 -1 -1 -1 -1 
295 1 477 164 633 386 -1 -1 -1 -1 
296 1 476 164 634 386 -1 -1 -1 -1 
297 1 476 164 634 386 -1 -1 -1 -1 
298 1 478 164 636 385 -1 -1 -1 -1 
299 1 478 164 636 385 -1 -1 -1 -1 
300 1 476 164 635 387 -1 -1 -1 -1 
301 1 475 164 635 387 -1 -1 -1 -1 
302 1 475 164 636 387 -1 -1 -1 -1 
303 1 475 164 636 387 -1 -1 -1 -1 
304 1 475 164 636 387 -1 -1 -1 -1 
305 1 474 164 636 387 -1 -1 -1 -1 
306 1 475 164 636 386 -1 -1 -1 -1 
307 1 475 164 636 386 -1 -1 -1 -1 
308 1 481 165 639 386 -1 -1 -1 -1 
309 1 484 165 639 386 -1 -1 -1 -1 
310 1 477 166 637 387 -1 -1 -1 -1 
311 1 474 166 635 387 -1 -1 -1 -1 
312 1 481 164 639 387 -1 -1 -1 -1 
313 1 483 163 639 387 -1 -1 -1 -1 
314 1 481 161 639 390 -1 -1 -1 -1 
315 1 480 160 639 391 -1 -1 -1 -1 
316 1 445 159 627 423 -1 -1 -1 -1 
317 1 433 159 622 435 -1 -1 -1 -1 
318 1 428 159 620 439 -1 -1 -1 -1 
319 1 417 164 609 447 -1 -1 -1 -1 
320 1 414 166 604 451 -1 -1 -1 -1 
321 1 404 163 595 456 -1 -1 -1 -1 
322 1 401 162 591 458 -1 -1 -1 -1 
323 1 390 154 587 465 -1 -1 -1 -1 
324 1 387 151 584 468 -1 -1 -1 -1 
325 1 367 140 569 469 -1 -1 -1 -1 
326 1 360 136 562 470 -1 -1 -1 -1 
327 1 329 120 537 475 -1 -1 -1 -1 
328 1 319 114 526 477 -1 -1 -1 -1 
329 1 299 98 510 477 -1 -1 -1 -1 
330 1 294 91 502 477 -1 -1 -1 -1 
331 1 273 78 483 477 -1 -1 -1 -1 
332 1 267 73 474 477 -1 -1 -1 -1 
333 1 243 58 454 477 -1 -1 -1 -1 
334 1 236 52 444 477 -1 -1 -1 -1 
335 1 217 40 427 476 -1 -1 -1 -1 
336 1 212 35 419 475 -1 -1 -1 -1 
337 1 211 34 415 475 -1 -1 -1 -1 
338 1 212 33 413 474 -1 -1 -1 -1 
339 1 182 17 389 474 -1 -1 -1 -1 
340 1 157 9 366 475 -1 -1 -1 -1 
341 1 147 5 357 476 -1 -1 -1 -1 
342 1 123 1 333 472 -1 -1 -1 -1 
343 1 114 0 324 471 -1 -1 -1 -1 
344 1 111 0 321 470 -1 -1 -1 -1 
345 1 76 0 289 468 -1 -1 -1 -1 
346 1 62 0 279 467 -1 -1 -1 -1 
347 1 39 0 261 467 -1 -1 -1 -1 
348 1 28 0 256 467 -1 -1 -1 -1 
349 1 18 1 251 469 -1 -1 -1 -1 
350 1 14 1 251 469 -1 -1 -1 -1 
351 1 10 0 250 470 -1 -1 -1 -1 
352 1 10 0 254 469 -1 -1 -1 -1 
353 1 10 0 257 469 -1 -1 -1 -1 
354 1 16 0 265 468 -1 -1 -1 -1 
355 1 18 1 270 468 -1 -1 -1 -1 
356 1 19 1 272 468 -1 -1 -1 -1 
357 1 38 1 293 468 -1 -1 -1 -1 
358 1 44 2 302 468 -1 -1 -1 -1 
359 1 67 3 325 468 -1 -1 -1 -1 
360 1 76 3 334 469 -1 -1 -1 -1 
361 1 108 3 367 472 -1 -1 -1 -1 
362 1 120 3 379 474 -1 -1 -1 -1 
363 1 164 4 424 474 -1 -1 -1 -1 
364 1 181 4 441 474 -1 -1 -1 -1 
365 1 214 3 474 472 -1 -1 -1 -1 
366 1 226 3 486 472 -1 -1 -1 -1 
367 1 244 2 503 471 -1 -1 -1 -1 
368 1 250 1 509 471 -1 -1 -1 -1 
369 1 258 1 513 470 -1 -1 -1 -1 
370 1 261 1 514 470 -1 -1 -1 -1 
371 1 271 1 521 471 -1 -1 -1 -1 
372 1 275 0 523 471 -1 -1 -1 -1 
373 1 280 0 525 471 -1 -1 -1 -1 
374 1 283 0 525 472 -1 -1 -1 -1 
375 1 282 0 522 472 -1 -1 -1 -1 
376 1 281 0 520 472 -1 -1 -1 -1 
377 1 276 0 514 470 -1 -1 -1 -1 
378 1 274 0 511 470 -1 -1 -1 -1 
379 1 264 1 501 470 -1 -1 -1 -1 
380 1 260 1 497 469 -1 -1 -1 -1 
381 1 259 1 496 469 -1 -1 -1 -1 
382 1 235 2 475 469 -1 -1 -1 -1 
383 1 225 2 468 469 -1 -1 -1 -1 
384 1 199 3 445 469 -1 -1 -1 -1 
385 1 161 3 413 469 -1 -1 -1 -1 
386 1 146 3 402 469 -1 -1 -1 -1 
387 1 121 2 382 468 -1 -1 -1 -1 
388 1 111 2 377 468 -1 -1 -1 -1 
389 1 94 2 365 467 -1 -1 -1 -1 
390 1 86 2 363 467 -1 -1 -1 -1 
391 1 76 3 359 467 -1 -1 -1 -1 
392 1 70 3 360 467 -1 -1 -1 -1 
393 1 67 4 362 467 -1 -1 -1 -1 
394 1 52 4 357 469 -1 -1 -1 -1 
395 1 44 4 359 470 -1 -1 -1 -1 
396 1 40 4 363 469 -1 -1 -1 -1 
397 1 36 4 368 469 -1 -1 -1 -1 
398 1 33 3 374 471 -1 -1 -1 -1 
399 1 38 4 387 471 -1 -1 -1 -1 
400 1 37 4 395 471 -1 -1 -1 -1 
401 1 35 5 401 471 -1 -1 -1 -1 
402 1 32 5 405 471 -1 -1 -1 -1 
403 1 48 3 434 471 -1 -1 -1 -1 
404 1 50 2 449 471 -1 -1 -1 -1 
405 1 51 2 462 473 -1 -1 -1 -1 
406 1 49 2 470 473 -1 -1 -1 -1 
407 1 45 2 475 472 -1 -1 -1 -1 
408 1 43 3 482 473 -1 -1 -1 -1 
409 1 40 3 487 473 -1 -1 -1 -1 
410 1 33 3 488 475 -1 -1 -1 -1 
411 1 29 4 490 475 -1 -1 -1 -1 
412 1 25 4 492 476 -1 -1 -1 -1 
413 1 23 4 494 476 -1 -1 -1 -1 
414 1 21 4 497 476 -1 -1 -1 -1 
415 1 19 4 499 476 -1 -1 -1 -1 
416 1 16 3 500 476 -1 -1 -1 -1 
417 1 14 3 501 476 -1 -1 -1 -1 
418 1 13 3 502 476 -1 -1 -1 -1 
419 1 12 2 503 474 -1 -1 -1 -1 
420 1 12 2 504 474 -1 -1 -1 -1 
421 1 10 2 506 474 -1 -1 -1 -1 
422 1 11 3 507 474 -1 -1 -1 -1 
423 1 10 3 508 474 -1 -1 -1 -1 
